1 0.081856 0.211042 0.089026 0.230317
1 0.315106 0.229323 0.0789588 0.206486
1 0.878999 0.165937 0.0592281 0.171614
1 0.742455 0.11628 0.0795642 0.171687
1 0.484937 0.449848 0.390643 0.282067
1 0.321549 0.204003 0.0482568 0.142063
1 0.745375 0.261439 0.022663 0.0650833
1 0.459894 0.218088 0.0304008 0.100779
1 0.0559402 0.240264 0.0222048 0.0749152
1 0.408942 0.250089 0.0220122 0.0683626
1 0.534772 0.208924 0.0306074 0.0919943
1 0.081856 0.211042 0.089026 0.230317
1 0.315106 0.229323 0.0789588 0.206486
1 0.878999 0.165937 0.0592281 0.171614
1 0.742455 0.11628 0.0795642 0.171687
1 0.321549 0.204003 0.0482568 0.142063
1 0.745375 0.261439 0.022663 0.0650833
1 0.459894 0.218088 0.0304008 0.100779
1 0.0559402 0.240264 0.0222048 0.0749152
1 0.408942 0.250089 0.0220122 0.0683626
1 0.534772 0.208924 0.0306074 0.0919943
