1 0.747197 0.260476 0.0225119 0.0536181
1 0.660161 0.228616 0.0287188 0.0726661
1 0.535967 0.208924 0.0353238 0.0843697
1 0.321953 0.204252 0.0539881 0.142545
1 0.0569228 0.239921 0.0256854 0.069845
1 0.461861 0.220292 0.0361115 0.10051
1 0.175164 0.228871 0.0308651 0.0723954
1 0.12893 0.260481 0.0341552 0.07575
1 0.610371 0.232976 0.0231304 0.0687098
1 0.409863 0.252219 0.0235493 0.0584014
1 0.631978 0.215245 0.0228594 0.050987
1 0.502328 0.23364 0.0223795 0.054515
1 0.61924 0.224593 0.0318974 0.0663048
