1 0.49646066072563366 0.4429525279998819 0.014135225334181812 0.006495461850553141
1 0.4973146360598154 0.4492161647693571 0.01257272533418181 0.006468188311602674
1 0.5023657627307243 0.48054798538620813 0.009447725334181811 0.0064136412337020944
1 0.4983504247294516 0.4711048015388323 0.009447725334181811 0.0064136412337020944
1 0.5017390540658606 0.4938155986167329 0.01417158800127254 0.009620461850553142
1 0.5034015514003606 0.5024366221556833 0.009447725334181811 0.0064136412337020944
1 0.4978333514083147 0.5609212779998819 0.01257272533418181 0.006468188311602674
1 0.498669145408951 0.5656224147693572 0.010973862667090906 0.003315914772652384
1 0.5006947220719058 0.5383195750777826 0.018822725334181813 0.0065772824674041885
1 0.5067265460693605 0.519678669233584 0.006359088001272539 0.009484094155801337
1 0.5024208540738148 0.552409348616733 0.011010225334181811 0.006440914772652384