1 0.3234777868534724 0.19941600795672926 0.046623039703264 0.12394657733927242
1 0.5408107572181946 0.20313880259391243 0.03292290919430556 0.07223862667090888
1 0.46857273451677106 0.2219529846037756 0.021803571238402774 0.0642988573360908
1 0.41459440254479185 0.25305808127786616 0.018278527735416716 0.04707499466899989
1 0.17798410210795157 0.22689721264322835 0.028089938829583348 0.06593408267027252
1 0.1333262187492016 0.2555494713160463 0.0234751740119445 0.06900453866963616
1 0.06026992524621548 0.23920740332590942 0.02045927678548618 0.07365567600254534
1 0.7513313363403821 0.24992125389882283 0.023038762917777688 0.05025453866963616
1 0.6615233007211808 0.2189263399109132 0.024964938829583262 0.0658977200031817
1 0.6340158965608682 0.21221326324795847 0.02325696846486114 0.05962953866963616
1 0.6154113669255905 0.21868143925050382 0.016825130508958352 0.05174431333545444