1 0.2609869760940907 0.11968967847725671 0.07519998789975162 0.03612064437666671
1 0.21481894057891243 0.5363329710303123 0.09711134933607006 0.04287979065319458
1 0.2106314103282914 0.45050457380385395 0.0908068071815924 0.033359320288472286
1 0.24451605181883923 0.399722670593472 0.0470568071815924 0.032341027735416715
1 0.2099324944408551 0.30210344139503453 0.1315045300542293 0.046804877659166785
1 0.22786994906492355 0.17279714789204842 0.059574987899751616 0.035756968464861136
1 0.2442176326117532 0.048214721980242854 0.07043976502711465 0.023511541603125064
1 0.2330331302740621 0.49372724373173593 0.06265453610435348 0.028017203647222287
1 0.23469964852263062 0.6100789423449651 0.05953862646343318 0.029506968464861318
1 0.21034908831597615 0.6332988900082637 0.05169885538619425 0.024637630508958352
1 0.22507466364794113 0.6532658978920484 0.06578862646343309 0.02965243882958326
1 0.2604940131804029 0.7414919432948957 0.05635908430895542 0.020059233282499988