1 0.12273587663113798 0.2624505239059093 0.03524770401018138 0.07519998789975162
1 0.5388699539704105 0.22111855942108755 0.041752242679817544 0.09711134933607006
1 0.4529869979710467 0.2159310896717086 0.03230451734563573 0.0908068071815924
1 0.4025960992998197 0.2492339481811608 0.031795440006363404 0.0470568071815924
1 0.3045676793045923 0.2135050055591449 0.045277232017817325 0.1315045300542293
1 0.17546143463559233 0.22994255093507646 0.035065890674726895 0.059574987899751616
1 0.05106087130013789 0.2448448673882468 0.02269316000954502 0.07043976502711465
1 0.49647336863463776 0.23884186972593788 0.027289753341817758 0.06265453610435348
1 0.6128523466343196 0.24186285147736938 0.028815890674727028 0.05953862646343318
1 0.635790407304274 0.21777591168402383 0.024037484006999676 0.05169885538619425
1 0.6559301846355924 0.23273783635205886 0.028888616008908664 0.06578862646343309
1 0.7445745139640471 0.2691934868195971 0.019404528007635945 0.05635908430895542