1 0.591378510288307 0.5045713180073615 0.006986984396167628 0.0142079703647223
1 0.5851694538658718 0.5052070976426394 0.0069050972410380496 0.0126454703647223
1 0.554165115331261 0.5091672458190282 0.006741322930778537 0.0095204703647223
1 0.5633353974434367 0.5054792013661116 0.006741322930778537 0.0095204703647223
1 0.5408429217536963 0.5080768712939936 0.010111984396167627 0.014280705547083272
1 0.532331058908826 0.5094393495425005 0.006741322930778537 0.0095204703647223
1 0.473409760288307 0.5018255648732295 0.0069050972410380496 0.0126454703647223
1 0.4687632038658719 0.5024977120996879 0.0036982100859082935 0.011010235182360972
1 0.4962297845985665 0.5054778949453477 0.007232645861557074 0.0188954703647223
1 0.5153073332190855 0.5121643060395143 0.009702548620519025 0.006468205547083272
1 0.48224917175369625 0.5067130866247226 0.006823210085908115 0.0110829703647223