1 0.7852997549699697 0.6688118988345721 0.12843407220870695 0.05759922359113005
1 0.7906725353187867 0.5178123940252487 0.09393180718159222 0.03452382213985139
1 0.7893958607489474 0.43268342587641406 0.0908068071815924 0.0344146947351895
1 0.7715174934588965 0.3145336266020535 0.07836134933607006 0.043353185116542826
1 0.739753888170898 0.22734365064867063 0.0626727168225127 0.03187004809323426
1 0.7849441892041703 0.33906983513224126 0.05010908430895533 0.02049603847458741
1 0.7663169090517452 0.3608183495602115 0.05636817466803503 0.022276793283910835
1 0.7669805052645573 0.4748808495602114 0.06736930718159222 0.03359623920022692
1 0.7565838816297946 0.5682315454765275 0.05950226502711473 0.02394842068857237
1 0.7735088029781798 0.7911234084532189 0.06744203005422929 0.046096239200226916
1 0.7433673059050461 0.8484374006486707 0.07052157825883114 0.03839286660488881
1 0.7562627365250095 0.9159696410300239 0.07209316861791085 0.040009930307219575