1 0.12578125 0.26171875 0.034375 0.07421875
1 0.54140625 0.21796875 0.040625 0.096875
1 0.45546875 0.21328125 0.03046875 0.090625
1 0.40546875 0.246875 0.03046875 0.04765625
1 0.30703125 0.21171875 0.04296875 0.13203125
1 0.178125 0.22890625 0.03359375 0.05859375
1 0.05390625 0.24453125 0.021875 0.0703125
1 0.49921875 0.2359375 0.0265625 0.0625
1 0.615625 0.23828125 0.02890625 0.05859375
1 0.63828125 0.2140625 0.0234375 0.0515625
1 0.65859375 0.22890625 0.02890625 0.06640625
1 0.74765625 0.26484375 0.01953125 0.05625