1 0.1957060113991664 0.31165671869698874 0.12445579255305561 0.04806053248413757
1 0.196900916225069 0.5286259638876654 0.07260235182361115 0.033759930307219396
1 0.2165607592149649 0.4553422313108605 0.06453527868534721 0.022549611795565028
1 0.2483023749062844 0.39959073911540877 0.04727504350298606 0.018824411069925696
1 0.22488763117454846 0.1646626676085296 0.06620688145888894 0.027291675497895972
1 0.2540672913187846 0.11836802096657421 0.06925914627652778 0.024275802902557642
1 0.2385708843086805 0.046311971692213634 0.07387391109416672 0.02131449400955022
1 0.24124640900687436 0.7362822072642434 0.050509146276527875 0.023621038474587408
1 0.21128811170416611 0.6483382631620259 0.06617051386770836 0.025729175497895974
1 0.20489329454982586 0.6212400498225147 0.059884146276527786 0.02394842068857237
1 0.21157970564399253 0.6022717950131913 0.051926175911805574 0.017425602176918176