1 0.2975412750728247 0.21344529667415885 0.05685305674305985 0.12905230032431164
1 0.4485043814993154 0.2045634001654511 0.03397784639736088 0.09429547077900687
1 0.533637899446004 0.20385824229265753 0.03388691818411545 0.09117047077900678
1 0.6518877942731545 0.2189729533324317 0.042898205331134066 0.07883411201270887
1 0.7392597621407009 0.2486819983817375 0.03150606426490725 0.06301819724005639
1 0.6272742391794474 0.20612807995563714 0.02020485141192587 0.0503272824674041
1 0.6056349198999751 0.22524627273146675 0.021949207838416383 0.05660455600635448
1 0.4915724198999751 0.22723724107484156 0.0332049565847754 0.06773297077900678
1 0.39828542115361637 0.23979751664238677 0.023602636051661907 0.05975682954530477
1 0.1753025622198432 0.22807263271228537 0.04570495658477527 0.06795115909060953
1 0.11816601214070091 0.2595232301144976 0.03798338479802066 0.07093979139585782
1 0.05056097499368236 0.24820962905883742 0.03959134890464333 0.0725295649348082