1 0.30390625 0.21875 0.053125 0.12734375
1 0.4546875 0.2125 0.03203125 0.09453125
1 0.53984375 0.21328125 0.03125 0.090625
1 0.65859375 0.23046875 0.03984375 0.078125
1 0.746875 0.26171875 0.0296875 0.06171875
1 0.63359375 0.2171875 0.01953125 0.05078125
1 0.6125 0.2359375 0.0203125 0.05546875
1 0.4984375 0.2359375 0.03046875 0.0671875
1 0.40546875 0.246875 0.02109375 0.059375
1 0.18203125 0.23125 0.04375 0.0671875
1 0.12578125 0.26171875 0.0359375 0.0703125
1 0.0578125 0.24921875 0.03671875 0.071875