2 0.5179196794239049 0.6523434691876947 0.15841248400699967 0.05615437476889085
1 0.5603835166693181 0.008479949327290603 0.08466590133672725 0.016959898654581206
1 0.4950403273392725 0.029360610253921428 0.09095226400381798 0.03076191818411551
1 0.5604476986791813 0.07591134982908017 0.0660613520050907 0.0394094924781526
1 0.5639272346833174 0.1062891716158348 0.08775453866963616 0.024420989970870145
1 0.5552982167011348 0.23783468830888221 0.08793635200509069 0.04004598997087019
1 0.5372851080521794 0.36887173964166575 0.06595226400381797 0.030034492478152597
1 0.5741322220719057 0.5131612972426554 0.10670453333863605 0.042154059250342255
1 0.5423304281110404 0.8024654896416656 0.06598862667090888 0.03315949247815268
1 0.584753738104677 0.754340226709542 0.10045453333863605 0.04197220282385157
1 0.5050042454646303 0.9528208423072329 0.07216590133672707 0.027091348904643552
1 0.6146395907463145 0.569033212523777 0.10187158267027244 0.029517666930474286
1 0.5696805320655425 0.4663999575092122 0.09727498933799979 0.037193774610606314
1 0.5692896333943154 0.4328062075092121 0.08459317600254543 0.021205061757624755
1 0.5596311806969986 0.2072295459890142 0.06597044533736351 0.0315969924781526
1 0.5465504727084526 0.29201372294861827 0.0737465826702726 0.028699313011266003
1 0.5488986014480857 0.8296273832151752 0.07053067600254544 0.020795884798020838