2 0.6671875 0.48984375 0.0515625 0.1578125
1 0.01953125 0.43984375 0.02421875 0.08515625
1 0.04375 0.50546875 0.02734375 0.090625
1 0.0921875 0.440625 0.0375 0.06640625
1 0.12265625 0.4375 0.02265625 0.08671875
1 0.25390625 0.44765625 0.0375 0.0875
1 0.384375 0.4671875 0.028125 0.06640625
1 0.5296875 0.43203125 0.0390625 0.10625
1 0.81796875 0.4671875 0.03046875 0.06640625
1 0.77109375 0.42421875 0.0390625 0.09921875
1 0.9671875 0.50625 0.025 0.071875
1 0.58671875 0.3921875 0.0265625 0.1015625
1 0.4828125 0.4359375 0.03359375 0.09765625
1 0.44921875 0.4359375 0.01953125 0.084375
1 0.2234375 0.44296875 0.0296875 0.065625
1 0.3078125 0.45703125 0.0265625 0.0734375
1 0.8453125 0.4609375 0.01875 0.0703125