2 0.6900023393276863 0.5053727114340978 0.05891273531769166 0.15901263050895836
1 0.040017301900298854 0.44029834488975694 0.028929828783716294 0.08495688145888884
1 0.06729258539874487 0.5064870425530555 0.03234592721213971 0.09127961664124999
1 0.11270993920385179 0.44277068787965285 0.04055653349844599 0.06649782218833344
1 0.14303313998964007 0.44035485590767376 0.025950377997927987 0.08800914627652787
1 0.27475617493582816 0.45356598356684047 0.04157537799792799 0.08837282218833345
1 0.40613460752465136 0.476133927430417 0.03118153349844608 0.06627961664125
1 0.5498096788647696 0.4443598634102088 0.04401117328319835 0.10715918977951393
1 0.8397283575246514 0.48622593398302155 0.0343065334984459 0.06635235182361114
1 0.7908520558292403 0.4421661562476048 0.043720074854774894 0.10090918977951394
1 0.9882963283694316 0.5287615389407646 0.02340734326113676 0.07245688145888884
1 0.6049851763835703 0.40584353048829913 0.03129284946188058 0.1021807490500695
1 0.5031166153825343 0.4471750856747921 0.038887025640563164 0.0976750870059723
1 0.46952286538253424 0.4463931824644101 0.02267982878371626 0.08481141109416672
1 0.24406910111451055 0.44816931553881967 0.03274403349844608 0.06631598423243049
1 0.3290990725784633 0.46419566546256974 0.02998290653397522 0.07405574905006951
1 0.866781009096228 0.4806123668286812 0.02202485731976367 0.07074891109416655