1 0.127933 0.258218 0.0284735 0.0745547
1 0.321002 0.209346 0.0529478 0.134485
1 0.66016 0.227283 0.0293314 0.0731445
1 0.535092 0.210405 0.0363493 0.0894512
1 0.745702 0.261133 0.0241947 0.0603785
1 0.408796 0.252386 0.0230181 0.0565195
1 0.0551651 0.239335 0.0228637 0.0730755
1 0.176609 0.230978 0.031949 0.0744321
1 0.630039 0.222992 0.0238686 0.0658469
1 0.462114 0.219489 0.0353813 0.100315
1 0.608237 0.229279 0.0214959 0.0701634
1 0.611841 0.226961 0.0254541 0.0737804
1 0.502422 0.235838 0.0261396 0.0551407
1 0.294462 0.221464 0.0263699 0.103029
1 0.625838 0.224538 0.0336576 0.0716525
1 0.617144 0.226301 0.030739 0.0711388
1 0.739847 0.261534 0.0292175 0.0585509
1 0.367914 0.269334 0.0176591 0.034181
1 0.641723 0.225243 0.0443981 0.0684819
1 0.291399 0.228496 0.0214861 0.0637899
